00010000    0 00000000000.000000 0 00000000000.000000 0 00000000000.000000 0 00000000000.000000 0 00000000000.000000 C 00000000000.620000 0 00000000000.000000 C 00000000000.620000          0          2 840                               
00010000    0 00000000000.000000 0 00000000000.000000 0 00000000000.000000 0 00000000000.000000 0 00000000000.000000 C 00000000000.620000 0 00000000000.000000 C 00000000000.620000          0          2 840                               
00010000    0 00000000000.000000 0 00000000000.000000 0 00000000000.000000 0 00000000000.000000 0 00000000000.000000 C 00000000000.620000 0 00000000000.000000 C 00000000000.620000          0          2 840                               
00010000    0 00000000000.000000 0 00000000000.000000 0 00000000000.000000 0 00000000000.000000 0 00000000000.000000 C 00000000000.620000 0 00000000000.000000 C 00000000000.620000          0          2 840                               
00010000    0 00000000000.000000 0 00000000000.000000 0 00000000000.000000 0 00000000000.000000 0 00000000000.000000 C 00000000000.620000 0 00000000000.000000 C 00000000000.620000          0          2 840                               
00010000    0 00000000000.000000 0 00000000000.000000 0 00000000000.000000 0 00000000000.000000 0 00000000000.000000 C 00000000000.620000 0 00000000000.000000 C 00000000000.620000          0          2 840                               
00010000    0 00000000000.000000 0 00000000000.000000 0 00000000000.000000 0 00000000000.000000 0 00000000000.000000 C 00000000000.620000 0 00000000000.000000 C 00000000000.620000          0          2 840                               
00010000    0 00000000000.000000 0 00000000000.000000 0 00000000000.000000 0 00000000000.000000 0 00000000000.000000 C 00000000000.620000 0 00000000000.000000 C 00000000000.620000          0          2 840                               
00010000    0 00000000000.000000 0 00000000000.000000 0 00000000000.000000 0 00000000000.000000 0 00000000000.000000 C 00000000000.620000 0 00000000000.000000 C 00000000000.620000          0          2 840                               
00010000    0 00000000000.000000 0 00000000000.000000 0 00000000000.000000 0 00000000000.000000 0 00000000000.000000 C 00000000000.620000 0 00000000000.000000 C 00000000000.620000          0          2 840                               
00010000    0 00000000000.000000 0 00000000000.000000 0 00000000000.000000 0 00000000000.000000 0 00000000000.000000 C 00000000000.620000 0 00000000000.000000 C 00000000000.620000          0          2 840                               
00010000    0 00000000000.000000 0 00000000000.000000 0 00000000000.000000 0 00000000000.000000 0 00000000000.000000 C 00000000000.620000 0 00000000000.000000 C 00000000000.620000          0          2 840                               
00010000    0 00000000000.000000 0 00000000000.000000 0 00000000000.000000 0 00000000000.000000 0 00000000000.000000 C 00000000000.620000 0 00000000000.000000 C 00000000000.620000          0          2 840                               
00010000    0 00000000000.000000 0 00000000000.000000 0 00000000000.000000 0 00000000000.000000 0 00000000000.000000 C 00000000000.620000 0 00000000000.000000 C 00000000000.620000          0          2 840                               
00010000    0 00000000000.000000 0 00000000000.000000 0 00000000000.000000 0 00000000000.000000 0 00000000000.000000 C 00000000000.620000 0 00000000000.000000 C 00000000000.620000          0          2 840                               
00010000    0 00000000000.000000 0 00000000000.000000 0 00000000000.000000 0 00000000000.000000 0 00000000000.000000 C 00000000000.620000 0 00000000000.000000 C 00000000000.620000          0          2 840                               
00010000    0 00000000000.000000 0 00000000000.000000 0 00000000000.000000 0 00000000000.000000 0 00000000000.000000 C 00000000000.620000 0 00000000000.000000 C 00000000000.620000          0          2 840                               
00010000    0 00000000000.000000 0 00000000000.000000 0 00000000000.000000 0 00000000000.000000 0 00000000000.000000 C 00000000000.620000 0 00000000000.000000 C 00000000000.620000          0          2 840                               
00010000    0 00000000000.000000 0 00000000000.000000 0 00000000000.000000 0 00000000000.000000 0 00000000000.000000 C 00000000000.620000 0 00000000000.000000 C 00000000000.620000          0          2 840                               
00010000    0 00000000000.000000 0 00000000000.000000 0 00000000000.000000 0 00000000000.000000 0 00000000000.000000 C 00000000000.620000 0 00000000000.000000 C 00000000000.620000          0          2 840                               
00010000    0 00000000000.000000 0 00000000000.000000 0 00000000000.000000 0 00000000000.000000 0 00000000000.000000 C 00000000000.620000 0 00000000000.000000 C 00000000000.620000          0          2 840                               
00010000    0 00000000000.000000 0 00000000000.000000 0 00000000000.000000 0 00000000000.000000 0 00000000000.000000 C 00000000000.620000 0 00000000000.000000 C 00000000000.620000          0          2 840                               
00010000    0 00000000000.000000 0 00000000000.000000 0 00000000000.000000 0 00000000000.000000 0 00000000000.000000 C 00000000000.620000 0 00000000000.000000 C 00000000000.620000          0          2 840                               
00010000    0 00000000000.000000 0 00000000000.000000 0 00000000000.000000 0 00000000000.000000 0 00000000000.000000 C 00000000000.620000 0 00000000000.000000 C 00000000000.620000          0          2 840                               
00010000    0 00000000000.000000 0 00000000000.000000 0 00000000000.000000 0 00000000000.000000 0 00000000000.000000 C 00000000000.620000 0 00000000000.000000 C 00000000000.620000          0          2 840                               
00010000    0 00000000000.000000 0 00000000000.000000 0 00000000000.000000 0 00000000000.000000 0 00000000000.000000 C 00000000000.620000 0 00000000000.000000 C 00000000000.620000          0          2 840                               
00010000    0 00000000000.000000 0 00000000000.000000 0 00000000000.000000 0 00000000000.000000 0 00000000000.000000 C 00000000000.620000 0 00000000000.000000 C 00000000000.620000          0          2 840                               
00010000    0 00000000000.000000 0 00000000000.000000 0 00000000000.000000 0 00000000000.000000 0 00000000000.000000 C 00000000000.620000 0 00000000000.000000 C 00000000000.620000          0          2 840                               
00010000    0 00000000000.000000 0 00000000000.000000 0 00000000000.000000 0 00000000000.000000 0 00000000000.000000 C 00000000000.620000 0 00000000000.000000 C 00000000000.620000          0          2 840                               
00010000    0 00000000000.000000 0 00000000000.000000 0 00000000000.000000 0 00000000000.000000 0 00000000000.000000 C 00000000000.620000 0 00000000000.000000 C 00000000000.620000          0          2 840                               
00010000    0 00000000000.000000 0 00000000000.000000 0 00000000000.000000 0 00000000000.000000 0 00000000000.000000 C 00000000000.620000 0 00000000000.000000 C 00000000000.620000          0          2 840                               
00010000    0 00000000000.000000 0 00000000000.000000 0 00000000000.000000 0 00000000000.000000 0 00000000000.000000 C 00000000000.620000 0 00000000000.000000 C 00000000000.620000          0          2 840                               
00010000    0 00000000000.000000 0 00000000000.000000 0 00000000000.000000 0 00000000000.000000 0 00000000000.000000 C 00000000000.620000 0 00000000000.000000 C 00000000000.620000          0          2 840                               
00010000    0 00000000000.000000 0 00000000000.000000 0 00000000000.000000 0 00000000000.000000 0 00000000000.000000 C 00000000000.620000 0 00000000000.000000 C 00000000000.620000          0          2 840                               
00010000    0 00000000000.000000 0 00000000000.000000 0 00000000000.000000 0 00000000000.000000 0 00000000000.000000 C 00000000000.620000 0 00000000000.000000 C 00000000000.620000          0          2 840                               
00010000    0 00000000000.000000 0 00000000000.000000 0 00000000000.000000 0 00000000000.000000 0 00000000000.000000 C 00000000000.620000 0 00000000000.000000 C 00000000000.620000          0          2 840                               
00010000    0 00000000000.000000 0 00000000000.000000 0 00000000000.000000 0 00000000000.000000 0 00000000000.000000 C 00000000000.620000 0 00000000000.000000 C 00000000000.620000          0          2 840                               
00010000    0 00000000000.000000 0 00000000000.000000 0 00000000000.000000 0 00000000000.000000 0 00000000000.000000 C 00000000000.620000 0 00000000000.000000 C 00000000000.620000          0          2 840                               
00010000    0 00000000000.000000 0 00000000000.000000 0 00000000000.000000 0 00000000000.000000 0 00000000000.000000 C 00000000000.620000 0 00000000000.000000 C 00000000000.620000          0          2 840                               
00010000    0 00000000000.000000 0 00000000000.000000 0 00000000000.000000 0 00000000000.000000 0 00000000000.000000 C 00000000000.620000 0 00000000000.000000 C 00000000000.620000          0          2 840                               
00010000    0 00000000000.000000 0 00000000000.000000 0 00000000000.000000 0 00000000000.000000 0 00000000000.000000 C 00000000000.620000 0 00000000000.000000 C 00000000000.620000          0          2 840                               
00010000    0 00000000000.000000 0 00000000000.000000 0 00000000000.000000 0 00000000000.000000 0 00000000000.000000 C 00000000000.620000 0 00000000000.000000 C 00000000000.620000          0          2 840                               
00010000    0 00000000000.000000 0 00000000000.000000 0 00000000000.000000 0 00000000000.000000 0 00000000000.000000 C 00000000000.620000 0 00000000000.000000 C 00000000000.620000          0          2 840                               
00010000    0 00000000000.000000 0 00000000000.000000 0 00000000000.000000 0 00000000000.000000 0 00000000000.000000 C 00000000000.620000 0 00000000000.000000 C 00000000000.620000          0          2 840                               
00010000    0 00000000000.000000 0 00000000000.000000 0 00000000000.000000 0 00000000000.000000 0 00000000000.000000 C 00000000000.620000 0 00000000000.000000 C 00000000000.620000          0          2 840                               
00010000    0 00000000000.000000 0 00000000000.000000 0 00000000000.000000 0 00000000000.000000 0 00000000000.000000 C 00000000000.620000 0 00000000000.000000 C 00000000000.620000          0          2 840                               
00010000    0 00000000000.000000 0 00000000000.000000 0 00000000000.000000 0 00000000000.000000 0 00000000000.000000 C 00000000000.620000 0 00000000000.000000 C 00000000000.620000          0          2 840                               
00010000    0 00000000000.000000 0 00000000000.000000 0 00000000000.000000 0 00000000000.000000 0 00000000000.000000 C 00000000000.620000 0 00000000000.000000 C 00000000000.620000          0          2 840                               
00010000    0 00000000000.000000 0 00000000000.000000 0 00000000000.000000 0 00000000000.000000 0 00000000000.000000 C 00000000000.620000 0 00000000000.000000 C 00000000000.620000          0          2 840                               
00010000    0 00000000000.000000 0 00000000000.000000 0 00000000000.000000 0 00000000000.000000 0 00000000000.000000 C 00000000000.620000 0 00000000000.000000 C 00000000000.620000          0          2 840                               
00010000    0 00000000000.000000 0 00000000000.000000 0 00000000000.000000 0 00000000000.000000 0 00000000000.000000 C 00000000000.620000 0 00000000000.000000 C 00000000000.620000          0          2 840                               
00010000    0 00000000000.000000 0 00000000000.000000 0 00000000000.000000 0 00000000000.000000 0 00000000000.000000 C 00000000000.620000 0 00000000000.000000 C 00000000000.620000          0          2 840                               
00010000    0 00000000000.000000 0 00000000000.000000 0 00000000000.000000 0 00000000000.000000 0 00000000000.000000 C 00000000000.620000 0 00000000000.000000 C 00000000000.620000          0          2 840                               
00010000    0 00000000000.000000 0 00000000000.000000 0 00000000000.000000 0 00000000000.000000 0 00000000000.000000 C 00000000000.620000 0 00000000000.000000 C 00000000000.620000          0          2 840                               
00010000    0 00000000000.000000 0 00000000000.000000 0 00000000000.000000 0 00000000000.000000 0 00000000000.000000 C 00000000000.620000 0 00000000000.000000 C 00000000000.620000          0          2 840                               
00010000    0 00000000000.000000 0 00000000000.000000 0 00000000000.000000 0 00000000000.000000 0 00000000000.000000 C 00000000000.620000 0 00000000000.000000 C 00000000000.620000          0          2 840                               
00010000    0 00000000000.000000 0 00000000000.000000 0 00000000000.000000 0 00000000000.000000 0 00000000000.000000 C 00000000000.620000 0 00000000000.000000 C 00000000000.620000          0          2 840                               
10300003    0 00000000000.000000 0 00000000000.000000 0 00000000000.000000 0 00000000000.000000 C 00000000089.750000 D 00000000001.870000 C 00000000089.750000 D 00000000001.870000          0          2 840                               
