10300010    0 00000000000.000000 0 00000000000.000000 0 00000000000.000000 0 00000000000.000000 0 00000000000.000000 0 00000000000.000000 0 00000000000.000000 0 00000000000.000000          0          0 840                               
10300017    0 00000000000.000000 0 00000000000.000000 0 00000000000.000000 0 00000000000.000000 0 00000000000.000000 0 00000000000.000000 0 00000000000.000000 0 00000000000.000000          0          0 840                               
10400014    0 00000000000.000000 0 00000000000.000000 0 00000000000.000000 0 00000000000.000000 0 00000000000.000000 0 00000000000.000000 0 00000000000.000000 0 00000000000.000000          0          0 840                               
10100001    0 00000000000.000000 0 00000000000.000000 0 00000000000.000000 0 00000000000.000000 0 00000000000.000000 0 00000000000.000000 0 00000000000.000000 0 00000000000.000000          0          0 840                               
10200001    0 00000000000.000000 0 00000000000.000000 0 00000000000.000000 0 00000000000.000000 0 00000000000.000000 0 00000000000.000000 0 00000000000.000000 0 00000000000.000000          0          0 840                               
10200002    0 00000000000.000000 0 00000000000.000000 0 00000000000.000000 0 00000000000.000000 0 00000000000.000000 0 00000000000.000000 0 00000000000.000000 0 00000000000.000000          0          0 840                               
10200004    0 00000000000.000000 0 00000000000.000000 0 00000000000.000000 0 00000000000.000000 0 00000000000.000000 0 00000000000.000000 0 00000000000.000000 0 00000000000.000000          0          0 840                               
10300013    0 00000000000.000000 0 00000000000.000000 0 00000000000.000000 0 00000000000.000000 0 00000000000.000000 0 00000000000.000000 0 00000000000.000000 0 00000000000.000000          0          0 840                               
10300015    0 00000000000.000000 0 00000000000.000000 0 00000000000.000000 0 00000000000.000000 0 00000000000.000000 0 00000000000.000000 0 00000000000.000000 0 00000000000.000000          0          0 840                               
10300011    0 00000000000.000000 0 00000000000.000000 0 00000000000.000000 0 00000000000.000000 0 00000000000.000000 0 00000000000.000000 0 00000000000.000000 0 00000000000.000000          0          0 840                               
10300014    0 00000000000.000000 0 00000000000.000000 0 00000000000.000000 0 00000000000.000000 0 00000000000.000000 0 00000000000.000000 0 00000000000.000000 0 00000000000.000000          0          0 840                               
10020000    0 00000000000.000000 0 00000000000.000000 0 00000000000.000000 0 00000000000.000000 0 00000000000.000000 0 00000000000.000000 0 00000000000.000000 0 00000000000.000000          0          0 840                               
10100003    0 00000000000.000000 0 00000000000.000000 0 00000000000.000000 0 00000000000.000000 0 00000000000.000000 0 00000000000.000000 0 00000000000.000000 0 00000000000.000000          0          0 840                               
10300004    0 00000000000.000000 0 00000000000.000000 0 00000000000.000000 0 00000000000.000000 0 00000000000.000000 0 00000000000.000000 0 00000000000.000000 0 00000000000.000000          0          0 840                               
10300005    0 00000000000.000000 0 00000000000.000000 0 00000000000.000000 0 00000000000.000000 0 00000000000.000000 0 00000000000.000000 0 00000000000.000000 0 00000000000.000000          0          0 840                               
10300006    0 00000000000.000000 0 00000000000.000000 0 00000000000.000000 0 00000000000.000000 0 00000000000.000000 0 00000000000.000000 0 00000000000.000000 0 00000000000.000000          0          0 840                               
10300007    0 00000000000.000000 0 00000000000.000000 0 00000000000.000000 0 00000000000.000000 0 00000000000.000000 0 00000000000.000000 0 00000000000.000000 0 00000000000.000000          0          0 840                               
10300009    0 00000000000.000000 0 00000000000.000000 0 00000000000.000000 0 00000000000.000000 C 00000000061.230000 D 00000000001.220000 C 00000000061.230000 D 00000000001.220000          0          3 840                               
10400016    0 00000000000.000000 0 00000000000.000000 0 00000000000.000000 0 00000000000.000000 0 00000000000.000000 0 00000000000.000000 0 00000000000.000000 0 00000000000.000000          0          0 840                               
00010000    0 00000000000.000000 0 00000000000.000000 0 00000000000.000000 0 00000000000.000000 0 00000000000.000000 C 00000000001.010000 0 00000000000.000000 C 00000000001.010000          0          0 840                               
10300001    0 00000000000.000000 0 00000000000.000000 0 00000000000.000000 0 00000000000.000000 0 00000000000.000000 0 00000000000.000000 0 00000000000.000000 0 00000000000.000000          0          0 840                               
10300003    0 00000000000.000000 0 00000000000.000000 0 00000000000.000000 0 00000000000.000000 C 00000000005.420000 D 00000000000.080000 C 00000000005.420000 D 00000000000.080000          0          4 840                               
10300012    0 00000000000.000000 0 00000000000.000000 0 00000000000.000000 0 00000000000.000000 0 00000000000.000000 0 00000000000.000000 0 00000000000.000000 0 00000000000.000000          0          0 840                               
10300008    0 00000000000.000000 0 00000000000.000000 0 00000000000.000000 0 00000000000.000000 0 00000000000.000000 0 00000000000.000000 0 00000000000.000000 0 00000000000.000000          0          0 840                               
10100002    0 00000000000.000000 0 00000000000.000000 0 00000000000.000000 0 00000000000.000000 0 00000000000.000000 0 00000000000.000000 0 00000000000.000000 0 00000000000.000000          0          0 840                               
10300002    0 00000000000.000000 0 00000000000.000000 0 00000000000.000000 0 00000000000.000000 C 00000000157.660000 D 00000000002.800000 C 00000000157.660000 D 00000000002.800000          0          6 840                               
00020000    0 00000000000.000000 0 00000000000.000000 0 00000000000.000000 0 00000000000.000000 0 00000000000.000000 0 00000000000.000000 0 00000000000.000000 0 00000000000.000000          0          0 840                               
