10300011    0 00000000000.000000 0 00000000000.000000 0 00000000000.000000 0 00000000000.000000 0 00000000000.000000 0 00000000000.000000 0 00000000000.000000 0 00000000000.000000          0          0 840                               
10300014    0 00000000000.000000 0 00000000000.000000 0 00000000000.000000 0 00000000000.000000 0 00000000000.000000 0 00000000000.000000 0 00000000000.000000 0 00000000000.000000          0          0 840                               
10020000    0 00000000000.000000 0 00000000000.000000 0 00000000000.000000 0 00000000000.000000 0 00000000000.000000 0 00000000000.000000 0 00000000000.000000 0 00000000000.000000          0          0 840                               
10100003    0 00000000000.000000 0 00000000000.000000 0 00000000000.000000 0 00000000000.000000 0 00000000000.000000 0 00000000000.000000 0 00000000000.000000 0 00000000000.000000          0          0 840                               
10300004    0 00000000000.000000 0 00000000000.000000 0 00000000000.000000 0 00000000000.000000 0 00000000000.000000 0 00000000000.000000 0 00000000000.000000 0 00000000000.000000          0          0 840                               
10300005    0 00000000000.000000 0 00000000000.000000 0 00000000000.000000 0 00000000000.000000 0 00000000000.000000 0 00000000000.000000 0 00000000000.000000 0 00000000000.000000          0          0 840                               
10300006    0 00000000000.000000 0 00000000000.000000 0 00000000000.000000 0 00000000000.000000 0 00000000000.000000 0 00000000000.000000 0 00000000000.000000 0 00000000000.000000          0          0 840                               
10300007    0 00000000000.000000 0 00000000000.000000 0 00000000000.000000 0 00000000000.000000 0 00000000000.000000 0 00000000000.000000 0 00000000000.000000 0 00000000000.000000          0          0 840                               
10300009    0 00000000000.000000 0 00000000000.000000 0 00000000000.000000 0 00000000000.000000 C 00000000180.590000 D 00000000003.030000 C 00000000180.590000 D 00000000003.030000          0          8 840                               
10400016    0 00000000000.000000 0 00000000000.000000 0 00000000000.000000 0 00000000000.000000 0 00000000000.000000 0 00000000000.000000 0 00000000000.000000 0 00000000000.000000          0          0 840                               
00010000    0 00000000000.000000 0 00000000000.000000 0 00000000000.000000 0 00000000000.000000 0 00000000000.000000 C 00000000004.270000 0 00000000000.000000 C 00000000004.270000          0          0 840                               
10300001    0 00000000000.000000 0 00000000000.000000 0 00000000000.000000 0 00000000000.000000 0 00000000000.000000 0 00000000000.000000 0 00000000000.000000 0 00000000000.000000          0          0 840                               
10300003    0 00000000000.000000 0 00000000000.000000 0 00000000000.000000 0 00000000000.000000 C 00000000007.720000 D 00000000000.120000 C 00000000007.720000 D 00000000000.120000          0          2 840                               
10300012    0 00000000000.000000 0 00000000000.000000 0 00000000000.000000 0 00000000000.000000 0 00000000000.000000 0 00000000000.000000 0 00000000000.000000 0 00000000000.000000          0          0 840                               
10300008    0 00000000000.000000 0 00000000000.000000 0 00000000000.000000 0 00000000000.000000 0 00000000000.000000 0 00000000000.000000 0 00000000000.000000 0 00000000000.000000          0          0 840                               
10100002    0 00000000000.000000 0 00000000000.000000 0 00000000000.000000 0 00000000000.000000 0 00000000000.000000 0 00000000000.000000 0 00000000000.000000 0 00000000000.000000          0          0 840                               
10300002    0 00000000000.000000 0 00000000000.000000 0 00000000000.000000 0 00000000000.000000 C 00000000556.880000 D 00000000011.480000 C 00000000556.880000 D 00000000011.480000          0          5 840                               
00020000    0 00000000000.000000 0 00000000000.000000 0 00000000000.000000 0 00000000000.000000 0 00000000000.000000 0 00000000000.000000 0 00000000000.000000 0 00000000000.000000          0          0 840                               
10300010    0 00000000000.000000 0 00000000000.000000 0 00000000000.000000 0 00000000000.000000 0 00000000000.000000 0 00000000000.000000 0 00000000000.000000 0 00000000000.000000          0          0 840                               
10300017    0 00000000000.000000 0 00000000000.000000 0 00000000000.000000 0 00000000000.000000 0 00000000000.000000 0 00000000000.000000 0 00000000000.000000 0 00000000000.000000          0          0 840                               
10400014    0 00000000000.000000 0 00000000000.000000 0 00000000000.000000 0 00000000000.000000 0 00000000000.000000 0 00000000000.000000 0 00000000000.000000 0 00000000000.000000          0          0 840                               
10100001    0 00000000000.000000 0 00000000000.000000 0 00000000000.000000 0 00000000000.000000 0 00000000000.000000 0 00000000000.000000 0 00000000000.000000 0 00000000000.000000          0          0 840                               
10200001    0 00000000000.000000 0 00000000000.000000 0 00000000000.000000 0 00000000000.000000 0 00000000000.000000 0 00000000000.000000 0 00000000000.000000 0 00000000000.000000          0          0 840                               
10200002    0 00000000000.000000 0 00000000000.000000 0 00000000000.000000 0 00000000000.000000 0 00000000000.000000 0 00000000000.000000 0 00000000000.000000 0 00000000000.000000          0          0 840                               
10200004    0 00000000000.000000 0 00000000000.000000 0 00000000000.000000 0 00000000000.000000 0 00000000000.000000 0 00000000000.000000 0 00000000000.000000 0 00000000000.000000          0          0 840                               
10300013    0 00000000000.000000 0 00000000000.000000 0 00000000000.000000 0 00000000000.000000 0 00000000000.000000 0 00000000000.000000 0 00000000000.000000 0 00000000000.000000          0          0 840                               
10300015    0 00000000000.000000 0 00000000000.000000 0 00000000000.000000 0 00000000000.000000 0 00000000000.000000 0 00000000000.000000 0 00000000000.000000 0 00000000000.000000          0          0 840                               
