10300011    0 00000000000.000000 0 00000000000.000000 0 00000000000.000000 0 00000000000.000000 0 00000000000.000000 0 00000000000.000000 0 00000000000.000000 0 00000000000.000000          0          0 840                               
10300018    0 00000000000.000000 0 00000000000.000000 0 00000000000.000000 0 00000000000.000000 0 00000000000.000000 0 00000000000.000000 0 00000000000.000000 0 00000000000.000000          0          0 840                               
10300014    0 00000000000.000000 0 00000000000.000000 0 00000000000.000000 0 00000000000.000000 0 00000000000.000000 0 00000000000.000000 0 00000000000.000000 0 00000000000.000000          0          0 840                               
10020000    0 00000000000.000000 0 00000000000.000000 0 00000000000.000000 0 00000000000.000000 0 00000000000.000000 0 00000000000.000000 0 00000000000.000000 0 00000000000.000000          0          0 840                               
10100003    0 00000000000.000000 0 00000000000.000000 0 00000000000.000000 0 00000000000.000000 0 00000000000.000000 0 00000000000.000000 0 00000000000.000000 0 00000000000.000000          0          0 840                               
10300004    0 00000000000.000000 0 00000000000.000000 0 00000000000.000000 0 00000000000.000000 0 00000000000.000000 0 00000000000.000000 0 00000000000.000000 0 00000000000.000000          0          0 840                               
10300005    0 00000000000.000000 0 00000000000.000000 0 00000000000.000000 0 00000000000.000000 C 00000000014.570000 D 00000000000.240000 C 00000000014.570000 D 00000000000.240000          0          1 840                               
10300006    0 00000000000.000000 0 00000000000.000000 0 00000000000.000000 0 00000000000.000000 0 00000000000.000000 0 00000000000.000000 0 00000000000.000000 0 00000000000.000000          0          0 840                               
10300007    0 00000000000.000000 0 00000000000.000000 0 00000000000.000000 0 00000000000.000000 0 00000000000.000000 0 00000000000.000000 0 00000000000.000000 0 00000000000.000000          0          0 840                               
10300009    0 00000000000.000000 0 00000000000.000000 0 00000000000.000000 0 00000000000.000000 0 00000000000.000000 0 00000000000.000000 0 00000000000.000000 0 00000000000.000000          0          0 840                               
10400016    0 00000000000.000000 0 00000000000.000000 0 00000000000.000000 0 00000000000.000000 0 00000000000.000000 0 00000000000.000000 0 00000000000.000000 0 00000000000.000000          0          0 840                               
00010000    0 00000000000.000000 0 00000000000.000000 0 00000000000.000000 0 00000000000.000000 0 00000000000.000000 C 00000000001.070000 0 00000000000.000000 C 00000000001.070000          0          0 840                               
10300001    0 00000000000.000000 0 00000000000.000000 0 00000000000.000000 0 00000000000.000000 0 00000000000.000000 0 00000000000.000000 0 00000000000.000000 0 00000000000.000000          0          0 840                               
10300003    0 00000000000.000000 0 00000000000.000000 0 00000000000.000000 0 00000000000.000000 C 00000000143.070000 D 00000000002.740000 C 00000000143.070000 D 00000000002.740000          0          3 840                               
10300012    0 00000000000.000000 0 00000000000.000000 0 00000000000.000000 0 00000000000.000000 0 00000000000.000000 0 00000000000.000000 0 00000000000.000000 0 00000000000.000000          0          0 840                               
10300008    0 00000000000.000000 0 00000000000.000000 0 00000000000.000000 0 00000000000.000000 0 00000000000.000000 0 00000000000.000000 0 00000000000.000000 0 00000000000.000000          0          0 840                               
10100002    0 00000000000.000000 0 00000000000.000000 0 00000000000.000000 0 00000000000.000000 0 00000000000.000000 0 00000000000.000000 0 00000000000.000000 0 00000000000.000000          0          0 840                               
10300002    0 00000000000.000000 0 00000000000.000000 0 00000000000.000000 0 00000000000.000000 C 00000000094.050000 D 00000000001.580000 C 00000000094.050000 D 00000000001.580000          0          2 840                               
00020000    0 00000000000.000000 0 00000000000.000000 0 00000000000.000000 0 00000000000.000000 0 00000000000.000000 0 00000000000.000000 0 00000000000.000000 0 00000000000.000000          0          0 840                               
10300010    0 00000000000.000000 0 00000000000.000000 0 00000000000.000000 0 00000000000.000000 0 00000000000.000000 0 00000000000.000000 0 00000000000.000000 0 00000000000.000000          0          0 840                               
10300017    0 00000000000.000000 0 00000000000.000000 0 00000000000.000000 0 00000000000.000000 0 00000000000.000000 0 00000000000.000000 0 00000000000.000000 0 00000000000.000000          0          0 840                               
10400014    0 00000000000.000000 0 00000000000.000000 0 00000000000.000000 0 00000000000.000000 0 00000000000.000000 0 00000000000.000000 0 00000000000.000000 0 00000000000.000000          0          0 840                               
10100001    0 00000000000.000000 0 00000000000.000000 0 00000000000.000000 0 00000000000.000000 0 00000000000.000000 0 00000000000.000000 0 00000000000.000000 0 00000000000.000000          0          0 840                               
10200001    0 00000000000.000000 0 00000000000.000000 0 00000000000.000000 0 00000000000.000000 0 00000000000.000000 0 00000000000.000000 0 00000000000.000000 0 00000000000.000000          0          0 840                               
10200002    0 00000000000.000000 0 00000000000.000000 0 00000000000.000000 0 00000000000.000000 0 00000000000.000000 0 00000000000.000000 0 00000000000.000000 0 00000000000.000000          0          0 840                               
10200004    0 00000000000.000000 0 00000000000.000000 0 00000000000.000000 0 00000000000.000000 0 00000000000.000000 0 00000000000.000000 0 00000000000.000000 0 00000000000.000000          0          0 840                               
10300013    0 00000000000.000000 0 00000000000.000000 0 00000000000.000000 0 00000000000.000000 0 00000000000.000000 0 00000000000.000000 0 00000000000.000000 0 00000000000.000000          0          0 840                               
10300015    0 00000000000.000000 0 00000000000.000000 0 00000000000.000000 0 00000000000.000000 0 00000000000.000000 0 00000000000.000000 0 00000000000.000000 0 00000000000.000000          0          0 840                               
