00010000    0 00000000000.000000 0 00000000000.000000 0 00000000000.000000 0 00000000000.000000 0 00000000000.000000 C 00000000000.680000 0 00000000000.000000 C 00000000000.680000          0          4 840                               
10300002    0 00000000000.000000 0 00000000000.000000 0 00000000000.000000 0 00000000000.000000 C 00000000010.490000 D 00000000000.210000 C 00000000010.490000 D 00000000000.210000          0          1 840                               
10300002    0 00000000000.000000 0 00000000000.000000 0 00000000000.000000 0 00000000000.000000 C 00000000010.490000 D 00000000000.210000 C 00000000010.490000 D 00000000000.210000          0          1 840                               
10300002    0 00000000000.000000 0 00000000000.000000 0 00000000000.000000 0 00000000000.000000 C 00000000010.490000 D 00000000000.210000 C 00000000010.490000 D 00000000000.210000          0          1 840                               
10300002    0 00000000000.000000 0 00000000000.000000 0 00000000000.000000 0 00000000000.000000 C 00000000010.490000 D 00000000000.210000 C 00000000010.490000 D 00000000000.210000          0          1 840                               
10300002    0 00000000000.000000 0 00000000000.000000 0 00000000000.000000 0 00000000000.000000 C 00000000010.490000 D 00000000000.210000 C 00000000010.490000 D 00000000000.210000          0          1 840                               
10300002    0 00000000000.000000 0 00000000000.000000 0 00000000000.000000 0 00000000000.000000 C 00000000010.490000 D 00000000000.210000 C 00000000010.490000 D 00000000000.210000          0          1 840                               
10300002    0 00000000000.000000 0 00000000000.000000 0 00000000000.000000 0 00000000000.000000 C 00000000010.490000 D 00000000000.210000 C 00000000010.490000 D 00000000000.210000          0          1 840                               
10300002    0 00000000000.000000 0 00000000000.000000 0 00000000000.000000 0 00000000000.000000 C 00000000010.490000 D 00000000000.210000 C 00000000010.490000 D 00000000000.210000          0          1 840                               
10300002    0 00000000000.000000 0 00000000000.000000 0 00000000000.000000 0 00000000000.000000 C 00000000010.490000 D 00000000000.210000 C 00000000010.490000 D 00000000000.210000          0          1 840                               
10300002    0 00000000000.000000 0 00000000000.000000 0 00000000000.000000 0 00000000000.000000 C 00000000010.490000 D 00000000000.210000 C 00000000010.490000 D 00000000000.210000          0          1 840                               
10300002    0 00000000000.000000 0 00000000000.000000 0 00000000000.000000 0 00000000000.000000 C 00000000010.490000 D 00000000000.210000 C 00000000010.490000 D 00000000000.210000          0          1 840                               
10300002    0 00000000000.000000 0 00000000000.000000 0 00000000000.000000 0 00000000000.000000 C 00000000010.490000 D 00000000000.210000 C 00000000010.490000 D 00000000000.210000          0          1 840                               
10300002    0 00000000000.000000 0 00000000000.000000 0 00000000000.000000 0 00000000000.000000 C 00000000010.490000 D 00000000000.210000 C 00000000010.490000 D 00000000000.210000          0          1 840                               
10300002    0 00000000000.000000 0 00000000000.000000 0 00000000000.000000 0 00000000000.000000 C 00000000010.490000 D 00000000000.210000 C 00000000010.490000 D 00000000000.210000          0          1 840                               
10300002    0 00000000000.000000 0 00000000000.000000 0 00000000000.000000 0 00000000000.000000 C 00000000010.490000 D 00000000000.210000 C 00000000010.490000 D 00000000000.210000          0          1 840                               
10300002    0 00000000000.000000 0 00000000000.000000 0 00000000000.000000 0 00000000000.000000 C 00000000010.490000 D 00000000000.210000 C 00000000010.490000 D 00000000000.210000          0          1 840                               
10300002    0 00000000000.000000 0 00000000000.000000 0 00000000000.000000 0 00000000000.000000 C 00000000010.490000 D 00000000000.210000 C 00000000010.490000 D 00000000000.210000          0          1 840                               
10300002    0 00000000000.000000 0 00000000000.000000 0 00000000000.000000 0 00000000000.000000 C 00000000010.490000 D 00000000000.210000 C 00000000010.490000 D 00000000000.210000          0          1 840                               
10300002    0 00000000000.000000 0 00000000000.000000 0 00000000000.000000 0 00000000000.000000 C 00000000010.490000 D 00000000000.210000 C 00000000010.490000 D 00000000000.210000          0          1 840                               
10300002    0 00000000000.000000 0 00000000000.000000 0 00000000000.000000 0 00000000000.000000 C 00000000010.490000 D 00000000000.210000 C 00000000010.490000 D 00000000000.210000          0          1 840                               
10300002    0 00000000000.000000 0 00000000000.000000 0 00000000000.000000 0 00000000000.000000 C 00000000010.490000 D 00000000000.210000 C 00000000010.490000 D 00000000000.210000          0          1 840                               
10300002    0 00000000000.000000 0 00000000000.000000 0 00000000000.000000 0 00000000000.000000 C 00000000010.490000 D 00000000000.210000 C 00000000010.490000 D 00000000000.210000          0          1 840                               
10300002    0 00000000000.000000 0 00000000000.000000 0 00000000000.000000 0 00000000000.000000 C 00000000010.490000 D 00000000000.210000 C 00000000010.490000 D 00000000000.210000          0          1 840                               
10300002    0 00000000000.000000 0 00000000000.000000 0 00000000000.000000 0 00000000000.000000 C 00000000010.490000 D 00000000000.210000 C 00000000010.490000 D 00000000000.210000          0          1 840                               
10300002    0 00000000000.000000 0 00000000000.000000 0 00000000000.000000 0 00000000000.000000 C 00000000010.490000 D 00000000000.210000 C 00000000010.490000 D 00000000000.210000          0          1 840                               
10300002    0 00000000000.000000 0 00000000000.000000 0 00000000000.000000 0 00000000000.000000 C 00000000010.490000 D 00000000000.210000 C 00000000010.490000 D 00000000000.210000          0          1 840                               
10300002    0 00000000000.000000 0 00000000000.000000 0 00000000000.000000 0 00000000000.000000 C 00000000010.490000 D 00000000000.210000 C 00000000010.490000 D 00000000000.210000          0          1 840                               
10300002    0 00000000000.000000 0 00000000000.000000 0 00000000000.000000 0 00000000000.000000 C 00000000010.490000 D 00000000000.210000 C 00000000010.490000 D 00000000000.210000          0          1 840                               
10300002    0 00000000000.000000 0 00000000000.000000 0 00000000000.000000 0 00000000000.000000 C 00000000010.490000 D 00000000000.210000 C 00000000010.490000 D 00000000000.210000          0          1 840                               
10300002    0 00000000000.000000 0 00000000000.000000 0 00000000000.000000 0 00000000000.000000 C 00000000010.490000 D 00000000000.210000 C 00000000010.490000 D 00000000000.210000          0          1 840                               
10300002    0 00000000000.000000 0 00000000000.000000 0 00000000000.000000 0 00000000000.000000 C 00000000010.490000 D 00000000000.210000 C 00000000010.490000 D 00000000000.210000          0          1 840                               
10300002    0 00000000000.000000 0 00000000000.000000 0 00000000000.000000 0 00000000000.000000 C 00000000010.490000 D 00000000000.210000 C 00000000010.490000 D 00000000000.210000          0          1 840                               
10300002    0 00000000000.000000 0 00000000000.000000 0 00000000000.000000 0 00000000000.000000 C 00000000010.490000 D 00000000000.210000 C 00000000010.490000 D 00000000000.210000          0          1 840                               
10300002    0 00000000000.000000 0 00000000000.000000 0 00000000000.000000 0 00000000000.000000 C 00000000010.490000 D 00000000000.210000 C 00000000010.490000 D 00000000000.210000          0          1 840                               
10300002    0 00000000000.000000 0 00000000000.000000 0 00000000000.000000 0 00000000000.000000 C 00000000010.490000 D 00000000000.210000 C 00000000010.490000 D 00000000000.210000          0          1 840                               
10300002    0 00000000000.000000 0 00000000000.000000 0 00000000000.000000 0 00000000000.000000 C 00000000010.490000 D 00000000000.210000 C 00000000010.490000 D 00000000000.210000          0          1 840                               
10300002    0 00000000000.000000 0 00000000000.000000 0 00000000000.000000 0 00000000000.000000 C 00000000010.490000 D 00000000000.210000 C 00000000010.490000 D 00000000000.210000          0          1 840                               
10300002    0 00000000000.000000 0 00000000000.000000 0 00000000000.000000 0 00000000000.000000 C 00000000010.490000 D 00000000000.210000 C 00000000010.490000 D 00000000000.210000          0          1 840                               
10300002    0 00000000000.000000 0 00000000000.000000 0 00000000000.000000 0 00000000000.000000 C 00000000010.490000 D 00000000000.210000 C 00000000010.490000 D 00000000000.210000          0          1 840                               
10300002    0 00000000000.000000 0 00000000000.000000 0 00000000000.000000 0 00000000000.000000 C 00000000010.490000 D 00000000000.210000 C 00000000010.490000 D 00000000000.210000          0          1 840                               
10300002    0 00000000000.000000 0 00000000000.000000 0 00000000000.000000 0 00000000000.000000 C 00000000010.490000 D 00000000000.210000 C 00000000010.490000 D 00000000000.210000          0          1 840                               
10300005    0 00000000000.000000 0 00000000000.000000 0 00000000000.000000 0 00000000000.000000 C 00000000095.160000 D 00000000001.610000 C 00000000095.160000 D 00000000001.610000          0          2 840                               
10300003    0 00000000000.000000 0 00000000000.000000 0 00000000000.000000 0 00000000000.000000 C 00000000046.420000 D 00000000000.970000 C 00000000046.420000 D 00000000000.970000          0          1 840                               
